103 0
16589 2200421630
108 0
16561 590221568
1 0
34 0
5 0
12 0
16580 3070689536
39 0
45 0
125 0
117 0
105 0
16599 1751477356
16579 2466643968
7 0
27 0
124 0
16596 52723969
16570 2199961857
48 0
16560 318833150
16586 1669728000
16592 4025491445
65 0
67 0
86 0
16574 318833150
118 0
111 0
107 0
80 0
16588 1862303745
104 0
49 0
16578 319276286
99 0
33 0
83 0
81 0
35 0
16577 319029506
98 0
119 0
4611686018427387903 0
70 0
51 0
11 0
58 0
31 0
16564 589735166
13 0
74 0
96 0
97 0
16562 590119168
54 0
85 0
4611686018427387643 0
6 0
16587 2466771199
16593 2466709504
56 0
18 0
22 0
61 0
16573 1736441856
16568 2466709504
90 0
24 0
102 0
84 0
28 0
16566 327534389
21 0
29 0
16563 319029506
76 0
95 0
115 0
82 0
43 0
26 0
32 0
4 0
114 0
16600 1862270976
20 0
69 0
10 0
42 0
46 0
75 0
15 0
14 0
23 0
47 0
57 0
78 0
63 0
93 0
110 0
16583 319096576
123 0
62 0
126 0
16597 318832898
19 0
127 0
4611686018427387902 0
4611686018427387647 0
112 0
66 0
120 0
0 0
113 0
41 0
60 0
4611686018427387646 16580607
4611686018427387899 16777216
16594 327485184
109 0
2 0
55 0
16584 4025491449
17 0
92 0
16571 52723969
53 0
64 0
16 0
59 0
77 0
94 0
87 0
30 0
79 0
16569 327485184
50 0
16572 318832898
16575 590221568
16590 2466578432
37 0
106 0
16576 590119168
16581 327550764
16585 2466710784
16591 327485184
71 0
73 0
3 0
88 0
68 0
72 0
16567 4025507836
101 0
122 0
52 0
89 0
100 0
16565 3070689536
16595 2199961857
44 0
25 0
40 0
16582 2466578432
8 0
9 0
116 0
91 0
121 0
16598 1736441856
38 0
36 0
