16622 589694206
16646 319227135
16606 4025524217
16659 327485184
16661 52723970
16662 318832899
16636 589755646
16616 319029507
16651 4025507821
16600 589735166
16635 2475104000
16642 589563134
16641 4025540596
4611686018427387895 16777216
16632 319096576
16627 856160000
16599 319029506
4611686018427387646 16580607
4611686018427387135 0
4611686018427387897 50331648
4611686018427387891 134480128
4611686018427387890 0
16648 2208811006
16626 319276285
16656 2466717696
16598 590119168
4611686018427387643 0
4611686018427387134 16056319
16634 2200421630
16597 590221568
16619 3072786688
16605 327485254
16637 52937982
4611686018427387131 0
4611686018427387387 0
4611686018427387902 0
4611686018427387896 33554432
16624 2200421630
16602 327485186
16633 4025540596
16601 3072786688
16607 2466709504
16655 52921598
16652 2200405246
16614 589697282
16631 2466578432
16638 2466717696
16640 319094784
16618 2466578432
16644 2200405246
4611686018427387903 0
16611 318832898
16625 2476156672
16645 2476156672
16604 3070689536
4611686018427387899 50331648
16617 319176704
16647 3003643648
4611686018427387898 50331648
16612 1736441856
16629 3070689536
4611686018427387390 16318463
16621 4025540598
16613 318833149
16609 2199961857
16630 327550773
16639 3822249980
16664 1751214177
4611686018427387887 0
16623 1862303747
16628 2466643968
16615 589594882
16610 52723969
16660 2199961858
16654 589624574
16596 318833150
16608 327485184
16658 2466709504
16663 1736441856
16649 2466578432
16657 3822512124
4611686018427387647 0
4611686018427387391 0
16603 4025507837
16653 2475104000
16620 327485186
16643 1862270979
16650 327485184
