16523 590221568
16516 2200421630
36 0
63 0
89 0
16517 2475104000
16531 1669859072
31 0
16528 4025491452
71 0
26 0
72 0
16524 590119168
32 0
74 0
116 0
4611686018427387899 16777216
127 0
7 0
4611686018427387902 0
52 0
17 0
13 0
4611686018427387891 0
78 0
65 0
16515 589735166
16525 319029506
69 0
16541 1751477356
70 0
57 0
58 0
88 0
23 0
90 0
119 0
59 0
96 0
16535 2466709504
16521 1736441856
16 0
18 0
8 0
16514 319029506
16529 589735166
25 0
38 0
40 0
82 0
92 0
114 0
35 0
20 0
47 0
29 0
2 0
87 0
0 0
22 0
95 0
105 0
123 0
16526 589694206
80 0
107 0
16522 318833150
106 0
67 0
73 0
76 0
16532 3070689536
83 0
126 0
85 0
30 0
50 0
16512 318833150
91 0
101 0
4 0
102 0
43 0
10 0
108 0
46 0
16519 52740353
77 0
120 0
16527 52806910
11 0
103 0
37 0
55 0
104 0
110 0
61 0
111 0
28 0
56 0
109 0
115 0
49 0
97 0
16540 1736441856
54 0
16533 327501607
60 0
117 0
98 0
121 0
16534 4025524217
16539 318832898
9 0
14 0
62 0
84 0
21 0
68 0
5 0
39 0
79 0
3 0
16520 318832898
53 0
16536 327485184
81 0
16537 2199961857
16538 52723969
64 0
34 0
122 0
24 0
44 0
112 0
4611686018427387903 0
19 0
48 0
12 0
1 0
42 0
93 0
75 0
94 0
113 0
27 0
4611686018427387895 0
6 0
99 0
45 0
86 0
16530 2200421630
41 0
125 0
51 0
15 0
66 0
118 0
16518 327485184
100 0
124 0
16542 1862270976
33 0
16513 590250240
