66048 318833150
66052 590221568
66056 590119168
66060 319029506
66064 589694206
66068 1862320129
66072 3070689536
66076 327501605
66080 4025491453
66084 2200421630
66088 2475104000
66092 589755646
66096 52937982
66100 2466746368
66104 3822118910
66108 2466709504
66112 327485184
66116 2199961857
66120 52723969
66124 318832898
66128 1736441856
66132 1751477356
66136 1862270976
18446744073709550592 0
18446744073709550596 0
18446744073709550600 0
18446744073709550604 0
18446744073709550608 0
18446744073709550612 0
18446744073709550616 0
18446744073709550620 0
18446744073709550624 0
18446744073709550628 0
18446744073709550632 0
18446744073709550636 0
18446744073709550640 0
18446744073709550644 0
18446744073709550648 0
18446744073709550652 0
18446744073709550656 0
18446744073709550660 0
18446744073709550664 0
18446744073709550668 0
18446744073709550672 0
18446744073709550676 0
18446744073709550680 0
18446744073709550684 0
18446744073709550688 0
18446744073709550692 0
18446744073709550696 0
18446744073709550700 0
18446744073709550704 0
18446744073709550708 0
18446744073709550712 0
18446744073709550716 0
18446744073709550720 0
18446744073709550724 0
18446744073709550728 0
18446744073709550732 0
18446744073709550736 0
18446744073709550740 0
18446744073709550744 0
18446744073709550748 0
18446744073709550752 0
18446744073709550756 0
18446744073709550760 0
18446744073709550764 0
18446744073709550768 0
18446744073709550772 0
18446744073709550776 0
18446744073709550780 0
18446744073709550784 0
18446744073709550788 0
18446744073709550792 0
18446744073709550796 0
18446744073709550800 0
18446744073709550804 0
18446744073709550808 0
18446744073709550812 0
18446744073709550816 0
18446744073709550820 0
18446744073709550824 0
18446744073709550828 0
18446744073709550832 0
18446744073709550836 0
18446744073709550840 0
18446744073709550844 0
18446744073709550848 0
18446744073709550852 0
18446744073709550856 0
18446744073709550860 0
18446744073709550864 0
18446744073709550868 0
18446744073709550872 0
18446744073709550876 0
18446744073709550880 0
18446744073709550884 0
18446744073709550888 0
18446744073709550892 0
18446744073709550896 0
18446744073709550900 0
18446744073709550904 0
18446744073709550908 0
18446744073709550912 0
18446744073709550916 0
18446744073709550920 0
18446744073709550924 0
18446744073709550928 0
18446744073709550932 0
18446744073709550936 0
18446744073709550940 0
18446744073709550944 0
18446744073709550948 0
18446744073709550952 0
18446744073709550956 0
18446744073709550960 0
18446744073709550964 0
18446744073709550968 0
18446744073709550972 0
18446744073709550976 0
18446744073709550980 0
18446744073709550984 0
18446744073709550988 0
18446744073709550992 0
18446744073709550996 0
18446744073709551000 0
18446744073709551004 0
18446744073709551008 0
18446744073709551012 0
18446744073709551016 0
18446744073709551020 0
18446744073709551024 0
18446744073709551028 0
18446744073709551032 0
18446744073709551036 0
18446744073709551040 0
18446744073709551044 0
18446744073709551048 0
18446744073709551052 0
18446744073709551056 0
18446744073709551060 0
18446744073709551064 0
18446744073709551068 0
18446744073709551072 0
18446744073709551076 0
18446744073709551080 0
18446744073709551084 0
18446744073709551088 0
18446744073709551092 0
18446744073709551096 0
18446744073709551100 0
18446744073709551104 0
18446744073709551108 0
18446744073709551112 0
18446744073709551116 0
18446744073709551120 0
18446744073709551124 0
18446744073709551128 0
18446744073709551132 0
18446744073709551136 0
18446744073709551140 0
18446744073709551144 0
18446744073709551148 0
18446744073709551152 0
18446744073709551156 0
18446744073709551160 0
18446744073709551164 0
18446744073709551168 0
18446744073709551172 0
18446744073709551176 0
18446744073709551180 0
18446744073709551184 0
18446744073709551188 0
18446744073709551192 0
18446744073709551196 0
18446744073709551200 0
18446744073709551204 0
18446744073709551208 0
18446744073709551212 0
18446744073709551216 0
18446744073709551220 0
18446744073709551224 0
18446744073709551228 0
18446744073709551232 0
18446744073709551236 0
18446744073709551240 0
18446744073709551244 0
18446744073709551248 0
18446744073709551252 0
18446744073709551256 0
18446744073709551260 0
18446744073709551264 0
18446744073709551268 0
18446744073709551272 0
18446744073709551276 0
18446744073709551280 0
18446744073709551284 0
18446744073709551288 0
18446744073709551292 0
18446744073709551296 0
18446744073709551300 0
18446744073709551304 0
18446744073709551308 0
18446744073709551312 0
18446744073709551316 0
18446744073709551320 0
18446744073709551324 0
18446744073709551328 0
18446744073709551332 0
18446744073709551336 0
18446744073709551340 0
18446744073709551344 0
18446744073709551348 0
18446744073709551352 0
18446744073709551356 0
18446744073709551360 0
18446744073709551364 0
18446744073709551368 0
18446744073709551372 0
18446744073709551376 0
18446744073709551380 0
18446744073709551384 0
18446744073709551388 0
18446744073709551392 0
18446744073709551396 0
18446744073709551400 0
18446744073709551404 0
18446744073709551408 0
18446744073709551412 0
18446744073709551416 0
18446744073709551420 0
18446744073709551424 0
18446744073709551428 0
18446744073709551432 0
18446744073709551436 0
18446744073709551440 0
18446744073709551444 0
18446744073709551448 0
18446744073709551452 0
18446744073709551456 0
18446744073709551460 0
18446744073709551464 0
18446744073709551468 0
18446744073709551472 0
18446744073709551476 0
18446744073709551480 0
18446744073709551484 0
18446744073709551488 0
18446744073709551492 0
18446744073709551496 0
18446744073709551500 0
18446744073709551504 0
18446744073709551508 0
18446744073709551512 0
18446744073709551516 0
18446744073709551520 0
18446744073709551524 0
18446744073709551528 0
18446744073709551532 0
18446744073709551536 0
18446744073709551540 0
18446744073709551544 0
18446744073709551548 0
18446744073709551552 0
18446744073709551556 0
18446744073709551560 0
18446744073709551564 0
18446744073709551568 0
18446744073709551572 0
18446744073709551576 0
18446744073709551580 0
18446744073709551584 0
18446744073709551588 0
18446744073709551592 0
18446744073709551596 167772160
18446744073709551600 0
18446744073709551604 0
18446744073709551608 0
18446744073709551612 0
