66240 318833149
66244 589697282
66248 589594882
66252 319029507
66256 590259452
66260 589694206
66264 1862320129
66268 3070689536
66272 327518013
66276 4025540603
66280 2200421630
66284 2475104000
66288 589755646
66292 52937982
66296 2466746368
66300 3822118910
66304 2466709504
66308 327485184
66312 2199961858
66316 52723970
66320 318832899
66324 1736441856
66328 318833150
66332 590221568
66336 590119168
66340 319029506
66344 319259902
66348 2466643968
66352 3070689536
66356 327550764
66360 2466578432
66364 319096576
66368 4025491447
66372 2466710784
66376 1669728000
66380 2466771199
66384 1862287367
66388 2466743550
66392 2475116288
66396 2466643968
66400 923205888
66404 319162156
66408 2466578432
66412 327485184
66416 4025491444
66420 2466710784
66424 1670252288
66428 2200405246
66432 2466578432
66436 327485184
66440 4025524208
66444 2466771199
66448 1862287363
66452 2200405246
66456 2466578432
66460 327485184
66464 4025491439
66468 2200421630
66472 2466578432
66476 327485184
66480 4025491438
66484 3070689536
66488 327485246
66492 4025507822
66496 2466709504
66500 327485184
66504 2199961857
66508 52723969
66512 318832898
66516 1736441856
66520 1751477356
66524 1862270976
66528 1718185577
66532 1936221540
66536 0
18446744073709548544 0
18446744073709548548 0
18446744073709548552 0
18446744073709548556 0
18446744073709548560 0
18446744073709548564 0
18446744073709548568 0
18446744073709548572 0
18446744073709548576 0
18446744073709548580 0
18446744073709548584 0
18446744073709548588 0
18446744073709548592 0
18446744073709548596 0
18446744073709548600 0
18446744073709548604 0
18446744073709548608 0
18446744073709548612 0
18446744073709548616 0
18446744073709548620 0
18446744073709548624 0
18446744073709548628 0
18446744073709548632 0
18446744073709548636 0
18446744073709548640 0
18446744073709548644 0
18446744073709548648 0
18446744073709548652 0
18446744073709548656 0
18446744073709548660 0
18446744073709548664 0
18446744073709548668 0
18446744073709548672 0
18446744073709548676 0
18446744073709548680 0
18446744073709548684 0
18446744073709548688 0
18446744073709548692 0
18446744073709548696 0
18446744073709548700 0
18446744073709548704 0
18446744073709548708 0
18446744073709548712 0
18446744073709548716 0
18446744073709548720 0
18446744073709548724 0
18446744073709548728 0
18446744073709548732 0
18446744073709548736 0
18446744073709548740 0
18446744073709548744 0
18446744073709548748 0
18446744073709548752 0
18446744073709548756 0
18446744073709548760 0
18446744073709548764 0
18446744073709548768 0
18446744073709548772 0
18446744073709548776 0
18446744073709548780 0
18446744073709548784 0
18446744073709548788 0
18446744073709548792 0
18446744073709548796 0
18446744073709548800 0
18446744073709548804 0
18446744073709548808 0
18446744073709548812 0
18446744073709548816 0
18446744073709548820 0
18446744073709548824 0
18446744073709548828 0
18446744073709548832 0
18446744073709548836 0
18446744073709548840 0
18446744073709548844 0
18446744073709548848 0
18446744073709548852 0
18446744073709548856 0
18446744073709548860 0
18446744073709548864 0
18446744073709548868 0
18446744073709548872 0
18446744073709548876 0
18446744073709548880 0
18446744073709548884 0
18446744073709548888 0
18446744073709548892 0
18446744073709548896 0
18446744073709548900 0
18446744073709548904 0
18446744073709548908 0
18446744073709548912 0
18446744073709548916 0
18446744073709548920 0
18446744073709548924 0
18446744073709548928 0
18446744073709548932 0
18446744073709548936 0
18446744073709548940 0
18446744073709548944 0
18446744073709548948 0
18446744073709548952 0
18446744073709548956 0
18446744073709548960 0
18446744073709548964 0
18446744073709548968 0
18446744073709548972 0
18446744073709548976 0
18446744073709548980 0
18446744073709548984 0
18446744073709548988 0
18446744073709548992 0
18446744073709548996 0
18446744073709549000 0
18446744073709549004 0
18446744073709549008 0
18446744073709549012 0
18446744073709549016 0
18446744073709549020 0
18446744073709549024 0
18446744073709549028 0
18446744073709549032 0
18446744073709549036 0
18446744073709549040 0
18446744073709549044 0
18446744073709549048 0
18446744073709549052 0
18446744073709549056 0
18446744073709549060 0
18446744073709549064 0
18446744073709549068 0
18446744073709549072 0
18446744073709549076 0
18446744073709549080 0
18446744073709549084 0
18446744073709549088 0
18446744073709549092 0
18446744073709549096 0
18446744073709549100 0
18446744073709549104 0
18446744073709549108 0
18446744073709549112 0
18446744073709549116 0
18446744073709549120 0
18446744073709549124 0
18446744073709549128 0
18446744073709549132 0
18446744073709549136 0
18446744073709549140 0
18446744073709549144 0
18446744073709549148 0
18446744073709549152 0
18446744073709549156 0
18446744073709549160 0
18446744073709549164 0
18446744073709549168 0
18446744073709549172 0
18446744073709549176 0
18446744073709549180 0
18446744073709549184 0
18446744073709549188 0
18446744073709549192 0
18446744073709549196 0
18446744073709549200 0
18446744073709549204 0
18446744073709549208 0
18446744073709549212 0
18446744073709549216 0
18446744073709549220 0
18446744073709549224 0
18446744073709549228 0
18446744073709549232 0
18446744073709549236 0
18446744073709549240 0
18446744073709549244 0
18446744073709549248 0
18446744073709549252 0
18446744073709549256 0
18446744073709549260 0
18446744073709549264 0
18446744073709549268 0
18446744073709549272 0
18446744073709549276 0
18446744073709549280 0
18446744073709549284 0
18446744073709549288 0
18446744073709549292 0
18446744073709549296 0
18446744073709549300 0
18446744073709549304 0
18446744073709549308 0
18446744073709549312 0
18446744073709549316 0
18446744073709549320 0
18446744073709549324 0
18446744073709549328 0
18446744073709549332 0
18446744073709549336 0
18446744073709549340 0
18446744073709549344 0
18446744073709549348 0
18446744073709549352 0
18446744073709549356 0
18446744073709549360 0
18446744073709549364 0
18446744073709549368 0
18446744073709549372 0
18446744073709549376 0
18446744073709549380 0
18446744073709549384 0
18446744073709549388 0
18446744073709549392 0
18446744073709549396 0
18446744073709549400 0
18446744073709549404 0
18446744073709549408 0
18446744073709549412 0
18446744073709549416 0
18446744073709549420 0
18446744073709549424 0
18446744073709549428 0
18446744073709549432 0
18446744073709549436 0
18446744073709549440 0
18446744073709549444 0
18446744073709549448 0
18446744073709549452 0
18446744073709549456 0
18446744073709549460 0
18446744073709549464 0
18446744073709549468 0
18446744073709549472 0
18446744073709549476 0
18446744073709549480 0
18446744073709549484 0
18446744073709549488 0
18446744073709549492 0
18446744073709549496 0
18446744073709549500 0
18446744073709549504 0
18446744073709549508 0
18446744073709549512 0
18446744073709549516 0
18446744073709549520 0
18446744073709549524 0
18446744073709549528 0
18446744073709549532 0
18446744073709549536 0
18446744073709549540 0
18446744073709549544 0
18446744073709549548 167772160
18446744073709549552 0
18446744073709549556 0
18446744073709549560 16318463
18446744073709549564 0
18446744073709549568 0
18446744073709549572 0
18446744073709549576 0
18446744073709549580 0
18446744073709549584 0
18446744073709549588 0
18446744073709549592 0
18446744073709549596 0
18446744073709549600 0
18446744073709549604 0
18446744073709549608 0
18446744073709549612 0
18446744073709549616 0
18446744073709549620 0
18446744073709549624 0
18446744073709549628 0
18446744073709549632 0
18446744073709549636 0
18446744073709549640 0
18446744073709549644 0
18446744073709549648 0
18446744073709549652 0
18446744073709549656 0
18446744073709549660 0
18446744073709549664 0
18446744073709549668 0
18446744073709549672 0
18446744073709549676 0
18446744073709549680 0
18446744073709549684 0
18446744073709549688 0
18446744073709549692 0
18446744073709549696 0
18446744073709549700 0
18446744073709549704 0
18446744073709549708 0
18446744073709549712 0
18446744073709549716 0
18446744073709549720 0
18446744073709549724 0
18446744073709549728 0
18446744073709549732 0
18446744073709549736 0
18446744073709549740 0
18446744073709549744 0
18446744073709549748 0
18446744073709549752 0
18446744073709549756 0
18446744073709549760 0
18446744073709549764 0
18446744073709549768 0
18446744073709549772 0
18446744073709549776 0
18446744073709549780 0
18446744073709549784 0
18446744073709549788 0
18446744073709549792 0
18446744073709549796 0
18446744073709549800 0
18446744073709549804 0
18446744073709549808 0
18446744073709549812 0
18446744073709549816 0
18446744073709549820 0
18446744073709549824 0
18446744073709549828 0
18446744073709549832 0
18446744073709549836 0
18446744073709549840 0
18446744073709549844 0
18446744073709549848 0
18446744073709549852 0
18446744073709549856 0
18446744073709549860 0
18446744073709549864 0
18446744073709549868 0
18446744073709549872 0
18446744073709549876 0
18446744073709549880 0
18446744073709549884 0
18446744073709549888 0
18446744073709549892 0
18446744073709549896 0
18446744073709549900 0
18446744073709549904 0
18446744073709549908 0
18446744073709549912 0
18446744073709549916 0
18446744073709549920 0
18446744073709549924 0
18446744073709549928 0
18446744073709549932 0
18446744073709549936 0
18446744073709549940 0
18446744073709549944 0
18446744073709549948 0
18446744073709549952 0
18446744073709549956 0
18446744073709549960 0
18446744073709549964 0
18446744073709549968 0
18446744073709549972 0
18446744073709549976 0
18446744073709549980 0
18446744073709549984 0
18446744073709549988 0
18446744073709549992 0
18446744073709549996 0
18446744073709550000 0
18446744073709550004 0
18446744073709550008 0
18446744073709550012 0
18446744073709550016 0
18446744073709550020 0
18446744073709550024 0
18446744073709550028 0
18446744073709550032 0
18446744073709550036 0
18446744073709550040 0
18446744073709550044 0
18446744073709550048 0
18446744073709550052 0
18446744073709550056 0
18446744073709550060 0
18446744073709550064 0
18446744073709550068 0
18446744073709550072 0
18446744073709550076 0
18446744073709550080 0
18446744073709550084 0
18446744073709550088 0
18446744073709550092 0
18446744073709550096 0
18446744073709550100 0
18446744073709550104 0
18446744073709550108 0
18446744073709550112 0
18446744073709550116 0
18446744073709550120 0
18446744073709550124 0
18446744073709550128 0
18446744073709550132 0
18446744073709550136 0
18446744073709550140 0
18446744073709550144 0
18446744073709550148 0
18446744073709550152 0
18446744073709550156 0
18446744073709550160 0
18446744073709550164 0
18446744073709550168 0
18446744073709550172 0
18446744073709550176 0
18446744073709550180 0
18446744073709550184 0
18446744073709550188 0
18446744073709550192 0
18446744073709550196 0
18446744073709550200 0
18446744073709550204 0
18446744073709550208 0
18446744073709550212 0
18446744073709550216 0
18446744073709550220 0
18446744073709550224 0
18446744073709550228 0
18446744073709550232 0
18446744073709550236 0
18446744073709550240 0
18446744073709550244 0
18446744073709550248 0
18446744073709550252 0
18446744073709550256 0
18446744073709550260 0
18446744073709550264 0
18446744073709550268 0
18446744073709550272 0
18446744073709550276 0
18446744073709550280 0
18446744073709550284 0
18446744073709550288 0
18446744073709550292 0
18446744073709550296 0
18446744073709550300 0
18446744073709550304 0
18446744073709550308 0
18446744073709550312 0
18446744073709550316 0
18446744073709550320 0
18446744073709550324 0
18446744073709550328 0
18446744073709550332 0
18446744073709550336 0
18446744073709550340 0
18446744073709550344 0
18446744073709550348 0
18446744073709550352 0
18446744073709550356 0
18446744073709550360 0
18446744073709550364 0
18446744073709550368 0
18446744073709550372 0
18446744073709550376 0
18446744073709550380 0
18446744073709550384 0
18446744073709550388 0
18446744073709550392 0
18446744073709550396 0
18446744073709550400 0
18446744073709550404 0
18446744073709550408 0
18446744073709550412 0
18446744073709550416 0
18446744073709550420 0
18446744073709550424 0
18446744073709550428 0
18446744073709550432 0
18446744073709550436 0
18446744073709550440 0
18446744073709550444 0
18446744073709550448 0
18446744073709550452 0
18446744073709550456 0
18446744073709550460 0
18446744073709550464 0
18446744073709550468 0
18446744073709550472 0
18446744073709550476 0
18446744073709550480 0
18446744073709550484 0
18446744073709550488 0
18446744073709550492 0
18446744073709550496 0
18446744073709550500 0
18446744073709550504 0
18446744073709550508 0
18446744073709550512 0
18446744073709550516 0
18446744073709550520 0
18446744073709550524 0
18446744073709550528 0
18446744073709550532 0
18446744073709550536 0
18446744073709550540 0
18446744073709550544 0
18446744073709550548 0
18446744073709550552 0
18446744073709550556 0
18446744073709550560 0
18446744073709550564 0
18446744073709550568 0
18446744073709550572 167772160
18446744073709550576 0
18446744073709550580 0
18446744073709550584 16580607
18446744073709550588 0
18446744073709550592 0
18446744073709550596 0
18446744073709550600 0
18446744073709550604 0
18446744073709550608 0
18446744073709550612 0
18446744073709550616 0
18446744073709550620 0
18446744073709550624 0
18446744073709550628 0
18446744073709550632 0
18446744073709550636 0
18446744073709550640 0
18446744073709550644 0
18446744073709550648 0
18446744073709550652 0
18446744073709550656 0
18446744073709550660 0
18446744073709550664 0
18446744073709550668 0
18446744073709550672 0
18446744073709550676 0
18446744073709550680 0
18446744073709550684 0
18446744073709550688 0
18446744073709550692 0
18446744073709550696 0
18446744073709550700 0
18446744073709550704 0
18446744073709550708 0
18446744073709550712 0
18446744073709550716 0
18446744073709550720 0
18446744073709550724 0
18446744073709550728 0
18446744073709550732 0
18446744073709550736 0
18446744073709550740 0
18446744073709550744 0
18446744073709550748 0
18446744073709550752 0
18446744073709550756 0
18446744073709550760 0
18446744073709550764 0
18446744073709550768 0
18446744073709550772 0
18446744073709550776 0
18446744073709550780 0
18446744073709550784 0
18446744073709550788 0
18446744073709550792 0
18446744073709550796 0
18446744073709550800 0
18446744073709550804 0
18446744073709550808 0
18446744073709550812 0
18446744073709550816 0
18446744073709550820 0
18446744073709550824 0
18446744073709550828 0
18446744073709550832 0
18446744073709550836 0
18446744073709550840 0
18446744073709550844 0
18446744073709550848 0
18446744073709550852 0
18446744073709550856 0
18446744073709550860 0
18446744073709550864 0
18446744073709550868 0
18446744073709550872 0
18446744073709550876 0
18446744073709550880 0
18446744073709550884 0
18446744073709550888 0
18446744073709550892 0
18446744073709550896 0
18446744073709550900 0
18446744073709550904 0
18446744073709550908 0
18446744073709550912 0
18446744073709550916 0
18446744073709550920 0
18446744073709550924 0
18446744073709550928 0
18446744073709550932 0
18446744073709550936 0
18446744073709550940 0
18446744073709550944 0
18446744073709550948 0
18446744073709550952 0
18446744073709550956 0
18446744073709550960 0
18446744073709550964 0
18446744073709550968 0
18446744073709550972 0
18446744073709550976 0
18446744073709550980 0
18446744073709550984 0
18446744073709550988 0
18446744073709550992 0
18446744073709550996 0
18446744073709551000 0
18446744073709551004 0
18446744073709551008 0
18446744073709551012 0
18446744073709551016 0
18446744073709551020 0
18446744073709551024 0
18446744073709551028 0
18446744073709551032 0
18446744073709551036 0
18446744073709551040 0
18446744073709551044 0
18446744073709551048 0
18446744073709551052 0
18446744073709551056 0
18446744073709551060 0
18446744073709551064 0
18446744073709551068 0
18446744073709551072 0
18446744073709551076 0
18446744073709551080 0
18446744073709551084 0
18446744073709551088 0
18446744073709551092 0
18446744073709551096 0
18446744073709551100 0
18446744073709551104 0
18446744073709551108 0
18446744073709551112 0
18446744073709551116 0
18446744073709551120 0
18446744073709551124 0
18446744073709551128 0
18446744073709551132 0
18446744073709551136 0
18446744073709551140 0
18446744073709551144 0
18446744073709551148 0
18446744073709551152 0
18446744073709551156 0
18446744073709551160 0
18446744073709551164 0
18446744073709551168 0
18446744073709551172 0
18446744073709551176 0
18446744073709551180 0
18446744073709551184 0
18446744073709551188 0
18446744073709551192 0
18446744073709551196 0
18446744073709551200 0
18446744073709551204 0
18446744073709551208 0
18446744073709551212 0
18446744073709551216 0
18446744073709551220 0
18446744073709551224 0
18446744073709551228 0
18446744073709551232 0
18446744073709551236 0
18446744073709551240 0
18446744073709551244 0
18446744073709551248 0
18446744073709551252 0
18446744073709551256 0
18446744073709551260 0
18446744073709551264 0
18446744073709551268 0
18446744073709551272 0
18446744073709551276 0
18446744073709551280 0
18446744073709551284 0
18446744073709551288 0
18446744073709551292 0
18446744073709551296 0
18446744073709551300 0
18446744073709551304 0
18446744073709551308 0
18446744073709551312 0
18446744073709551316 0
18446744073709551320 0
18446744073709551324 0
18446744073709551328 0
18446744073709551332 0
18446744073709551336 0
18446744073709551340 0
18446744073709551344 0
18446744073709551348 0
18446744073709551352 0
18446744073709551356 0
18446744073709551360 0
18446744073709551364 0
18446744073709551368 0
18446744073709551372 0
18446744073709551376 0
18446744073709551380 0
18446744073709551384 0
18446744073709551388 0
18446744073709551392 0
18446744073709551396 0
18446744073709551400 0
18446744073709551404 0
18446744073709551408 0
18446744073709551412 0
18446744073709551416 0
18446744073709551420 0
18446744073709551424 0
18446744073709551428 0
18446744073709551432 0
18446744073709551436 0
18446744073709551440 0
18446744073709551444 0
18446744073709551448 0
18446744073709551452 0
18446744073709551456 0
18446744073709551460 0
18446744073709551464 0
18446744073709551468 0
18446744073709551472 0
18446744073709551476 0
18446744073709551480 0
18446744073709551484 0
18446744073709551488 0
18446744073709551492 0
18446744073709551496 0
18446744073709551500 0
18446744073709551504 0
18446744073709551508 0
18446744073709551512 0
18446744073709551516 0
18446744073709551520 0
18446744073709551524 0
18446744073709551528 0
18446744073709551532 0
18446744073709551536 0
18446744073709551540 0
18446744073709551544 0
18446744073709551548 0
18446744073709551552 0
18446744073709551556 0
18446744073709551560 0
18446744073709551564 0
18446744073709551568 0
18446744073709551572 0
18446744073709551576 0
18446744073709551580 0
18446744073709551584 0
18446744073709551588 0
18446744073709551592 16777216
18446744073709551596 33554432
18446744073709551600 0
18446744073709551604 0
18446744073709551608 0
18446744073709551612 0
